2017/09/05-11:20:55.104872 7fffb81e93c0 RocksDB version: 5.6.0
2017/09/05-11:20:55.104914 7fffb81e93c0 Git sha rocksdb_build_git_sha:@0@
2017/09/05-11:20:55.104917 7fffb81e93c0 Compile date Jul 20 2017
2017/09/05-11:20:55.104922 7fffb81e93c0 DB SUMMARY
2017/09/05-11:20:55.104991 7fffb81e93c0 SST files in restart/rocksdb dir, Total Num: 0, files: 
2017/09/05-11:20:55.104995 7fffb81e93c0 Write Ahead Log file in restart/rocksdb: 
2017/09/05-11:20:55.104997 7fffb81e93c0                         Options.error_if_exists: 0
2017/09/05-11:20:55.105001 7fffb81e93c0                       Options.create_if_missing: 1
2017/09/05-11:20:55.105003 7fffb81e93c0                         Options.paranoid_checks: 1
2017/09/05-11:20:55.105004 7fffb81e93c0                                     Options.env: 0x10add86f8
2017/09/05-11:20:55.105006 7fffb81e93c0                                Options.info_log: 0x7f9100e2b840
2017/09/05-11:20:55.105007 7fffb81e93c0                Options.max_file_opening_threads: 16
2017/09/05-11:20:55.105009 7fffb81e93c0                               Options.use_fsync: 0
2017/09/05-11:20:55.105010 7fffb81e93c0                       Options.max_log_file_size: 0
2017/09/05-11:20:55.105012 7fffb81e93c0                  Options.max_manifest_file_size: 18446744073709551615
2017/09/05-11:20:55.105013 7fffb81e93c0                   Options.log_file_time_to_roll: 0
2017/09/05-11:20:55.105015 7fffb81e93c0                       Options.keep_log_file_num: 1000
2017/09/05-11:20:55.105016 7fffb81e93c0                    Options.recycle_log_file_num: 0
2017/09/05-11:20:55.105018 7fffb81e93c0                         Options.allow_fallocate: 1
2017/09/05-11:20:55.105019 7fffb81e93c0                        Options.allow_mmap_reads: 0
2017/09/05-11:20:55.105021 7fffb81e93c0                       Options.allow_mmap_writes: 0
2017/09/05-11:20:55.105022 7fffb81e93c0                        Options.use_direct_reads: 0
2017/09/05-11:20:55.105023 7fffb81e93c0                        Options.use_direct_io_for_flush_and_compaction: 0
2017/09/05-11:20:55.105025 7fffb81e93c0          Options.create_missing_column_families: 0
2017/09/05-11:20:55.105026 7fffb81e93c0                              Options.db_log_dir: 
2017/09/05-11:20:55.105028 7fffb81e93c0                                 Options.wal_dir: restart/rocksdb
2017/09/05-11:20:55.105029 7fffb81e93c0                Options.table_cache_numshardbits: 6
2017/09/05-11:20:55.105030 7fffb81e93c0                      Options.max_subcompactions: 1
2017/09/05-11:20:55.105032 7fffb81e93c0                  Options.max_background_flushes: -1
2017/09/05-11:20:55.105033 7fffb81e93c0                         Options.WAL_ttl_seconds: 0
2017/09/05-11:20:55.105035 7fffb81e93c0                       Options.WAL_size_limit_MB: 0
2017/09/05-11:20:55.105036 7fffb81e93c0             Options.manifest_preallocation_size: 4194304
2017/09/05-11:20:55.105038 7fffb81e93c0                     Options.is_fd_close_on_exec: 1
2017/09/05-11:20:55.105039 7fffb81e93c0                   Options.advise_random_on_open: 1
2017/09/05-11:20:55.105040 7fffb81e93c0                    Options.db_write_buffer_size: 0
2017/09/05-11:20:55.105042 7fffb81e93c0         Options.access_hint_on_compaction_start: 1
2017/09/05-11:20:55.105043 7fffb81e93c0  Options.new_table_reader_for_compaction_inputs: 0
2017/09/05-11:20:55.105044 7fffb81e93c0               Options.compaction_readahead_size: 0
2017/09/05-11:20:55.105046 7fffb81e93c0           Options.random_access_max_buffer_size: 1048576
2017/09/05-11:20:55.105047 7fffb81e93c0           Options.writable_file_max_buffer_size: 1048576
2017/09/05-11:20:55.105048 7fffb81e93c0                      Options.use_adaptive_mutex: 0
2017/09/05-11:20:55.105050 7fffb81e93c0                            Options.rate_limiter: 0x0
2017/09/05-11:20:55.105051 7fffb81e93c0     Options.sst_file_manager.rate_bytes_per_sec: 0
2017/09/05-11:20:55.105053 7fffb81e93c0                          Options.bytes_per_sync: 0
2017/09/05-11:20:55.105054 7fffb81e93c0                      Options.wal_bytes_per_sync: 0
2017/09/05-11:20:55.105055 7fffb81e93c0                       Options.wal_recovery_mode: 2
2017/09/05-11:20:55.105068 7fffb81e93c0                  Options.enable_thread_tracking: 0
2017/09/05-11:20:55.105070 7fffb81e93c0                  Options.enable_pipelined_write: 0
2017/09/05-11:20:55.105071 7fffb81e93c0         Options.allow_concurrent_memtable_write: 1
2017/09/05-11:20:55.105072 7fffb81e93c0      Options.enable_write_thread_adaptive_yield: 1
2017/09/05-11:20:55.105074 7fffb81e93c0             Options.write_thread_max_yield_usec: 100
2017/09/05-11:20:55.105075 7fffb81e93c0            Options.write_thread_slow_yield_usec: 3
2017/09/05-11:20:55.105076 7fffb81e93c0                               Options.row_cache: None
2017/09/05-11:20:55.105078 7fffb81e93c0                              Options.wal_filter: None
2017/09/05-11:20:55.105079 7fffb81e93c0             Options.avoid_flush_during_recovery: 0
2017/09/05-11:20:55.105081 7fffb81e93c0             Options.allow_ingest_behind: 0
2017/09/05-11:20:55.105082 7fffb81e93c0             Options.max_background_jobs: 2
2017/09/05-11:20:55.105083 7fffb81e93c0             Options.max_background_compactions: -1
2017/09/05-11:20:55.105085 7fffb81e93c0             Options.avoid_flush_during_shutdown: 0
2017/09/05-11:20:55.105086 7fffb81e93c0             Options.delayed_write_rate : 16777216
2017/09/05-11:20:55.105088 7fffb81e93c0             Options.max_total_wal_size: 0
2017/09/05-11:20:55.105089 7fffb81e93c0             Options.delete_obsolete_files_period_micros: 21600000000
2017/09/05-11:20:55.105090 7fffb81e93c0                   Options.stats_dump_period_sec: 600
2017/09/05-11:20:55.105092 7fffb81e93c0                          Options.max_open_files: -1
2017/09/05-11:20:55.105093 7fffb81e93c0 Compression algorithms supported:
2017/09/05-11:20:55.105095 7fffb81e93c0 	Snappy supported: 1
2017/09/05-11:20:55.105096 7fffb81e93c0 	Zlib supported: 0
2017/09/05-11:20:55.105098 7fffb81e93c0 	Bzip supported: 0
2017/09/05-11:20:55.105099 7fffb81e93c0 	LZ4 supported: 0
2017/09/05-11:20:55.105100 7fffb81e93c0 	ZSTD supported: 0
2017/09/05-11:20:55.105102 7fffb81e93c0 Fast CRC32 supported: 0
2017/09/05-11:20:55.105187 7fffb81e93c0 [/tmp/arangodb-20170720-78916-dvux2r/ArangoDB-3.2.0/3rdParty/rocksdb/v5.6.X/db/db_impl_open.cc:204] Creating manifest 1 
2017/09/05-11:20:55.106038 7fffb81e93c0 [/tmp/arangodb-20170720-78916-dvux2r/ArangoDB-3.2.0/3rdParty/rocksdb/v5.6.X/db/version_set.cc:2682] Recovering from manifest file: MANIFEST-000001
2017/09/05-11:20:55.106191 7fffb81e93c0 [/tmp/arangodb-20170720-78916-dvux2r/ArangoDB-3.2.0/3rdParty/rocksdb/v5.6.X/db/column_family.cc:414] --------------- Options for column family [default]:
2017/09/05-11:20:55.106196 7fffb81e93c0               Options.comparator: ArangoComparator
2017/09/05-11:20:55.106198 7fffb81e93c0           Options.merge_operator: None
2017/09/05-11:20:55.106200 7fffb81e93c0        Options.compaction_filter: None
2017/09/05-11:20:55.106201 7fffb81e93c0        Options.compaction_filter_factory: None
2017/09/05-11:20:55.106202 7fffb81e93c0         Options.memtable_factory: SkipListFactory
2017/09/05-11:20:55.106204 7fffb81e93c0            Options.table_factory: BlockBasedTable
2017/09/05-11:20:55.106227 7fffb81e93c0            table_factory options:   flush_block_policy_factory: FlushBlockBySizePolicyFactory (0x7f9100e09d50)
  cache_index_and_filter_blocks: 0
  cache_index_and_filter_blocks_with_high_priority: 0
  pin_l0_filter_and_index_blocks_in_cache: 0
  index_type: 0
  hash_index_allow_collision: 1
  checksum: 1
  no_block_cache: 0
  block_cache: 0x7f9100e09d98
  block_cache_name: LRUCache
  block_cache_options:
    capacity : 8388608
    num_shard_bits : 4
    strict_capacity_limit : 0
    high_pri_pool_ratio: 0.000
  block_cache_compressed: 0x0
  persistent_cache: 0x0
  block_size: 4096
  block_size_deviation: 10
  block_restart_interval: 16
  index_block_restart_interval: 1
  filter_policy: nullptr
  whole_key_filtering: 1
  format_version: 2
2017/09/05-11:20:55.106229 7fffb81e93c0        Options.write_buffer_size: 67108864
2017/09/05-11:20:55.106231 7fffb81e93c0  Options.max_write_buffer_number: 2
2017/09/05-11:20:55.106232 7fffb81e93c0          Options.compression: Snappy
2017/09/05-11:20:55.106249 7fffb81e93c0                  Options.bottommost_compression: Disabled
2017/09/05-11:20:55.106253 7fffb81e93c0       Options.prefix_extractor: nullptr
2017/09/05-11:20:55.106255 7fffb81e93c0   Options.memtable_insert_with_hint_prefix_extractor: nullptr
2017/09/05-11:20:55.106256 7fffb81e93c0             Options.num_levels: 7
2017/09/05-11:20:55.106258 7fffb81e93c0        Options.min_write_buffer_number_to_merge: 1
2017/09/05-11:20:55.106259 7fffb81e93c0     Options.max_write_buffer_number_to_maintain: 2
2017/09/05-11:20:55.106261 7fffb81e93c0            Options.compression_opts.window_bits: -14
2017/09/05-11:20:55.106262 7fffb81e93c0                  Options.compression_opts.level: -1
2017/09/05-11:20:55.106264 7fffb81e93c0               Options.compression_opts.strategy: 0
2017/09/05-11:20:55.106265 7fffb81e93c0         Options.compression_opts.max_dict_bytes: 0
2017/09/05-11:20:55.106267 7fffb81e93c0      Options.level0_file_num_compaction_trigger: 4
2017/09/05-11:20:55.106268 7fffb81e93c0          Options.level0_slowdown_writes_trigger: 20
2017/09/05-11:20:55.106269 7fffb81e93c0              Options.level0_stop_writes_trigger: 36
2017/09/05-11:20:55.106271 7fffb81e93c0                   Options.target_file_size_base: 67108864
2017/09/05-11:20:55.106272 7fffb81e93c0             Options.target_file_size_multiplier: 1
2017/09/05-11:20:55.106274 7fffb81e93c0                Options.max_bytes_for_level_base: 268435456
2017/09/05-11:20:55.106275 7fffb81e93c0 Options.level_compaction_dynamic_level_bytes: 0
2017/09/05-11:20:55.106277 7fffb81e93c0          Options.max_bytes_for_level_multiplier: 10.000000
2017/09/05-11:20:55.106280 7fffb81e93c0 Options.max_bytes_for_level_multiplier_addtl[0]: 1
2017/09/05-11:20:55.106281 7fffb81e93c0 Options.max_bytes_for_level_multiplier_addtl[1]: 1
2017/09/05-11:20:55.106283 7fffb81e93c0 Options.max_bytes_for_level_multiplier_addtl[2]: 1
2017/09/05-11:20:55.106284 7fffb81e93c0 Options.max_bytes_for_level_multiplier_addtl[3]: 1
2017/09/05-11:20:55.106286 7fffb81e93c0 Options.max_bytes_for_level_multiplier_addtl[4]: 1
2017/09/05-11:20:55.106287 7fffb81e93c0 Options.max_bytes_for_level_multiplier_addtl[5]: 1
2017/09/05-11:20:55.106288 7fffb81e93c0 Options.max_bytes_for_level_multiplier_addtl[6]: 1
2017/09/05-11:20:55.106290 7fffb81e93c0       Options.max_sequential_skip_in_iterations: 8
2017/09/05-11:20:55.106291 7fffb81e93c0                    Options.max_compaction_bytes: 1677721600
2017/09/05-11:20:55.106293 7fffb81e93c0                        Options.arena_block_size: 8388608
2017/09/05-11:20:55.106295 7fffb81e93c0   Options.soft_pending_compaction_bytes_limit: 68719476736
2017/09/05-11:20:55.106296 7fffb81e93c0   Options.hard_pending_compaction_bytes_limit: 274877906944
2017/09/05-11:20:55.106297 7fffb81e93c0       Options.rate_limit_delay_max_milliseconds: 100
2017/09/05-11:20:55.106299 7fffb81e93c0                Options.disable_auto_compactions: 0
2017/09/05-11:20:55.106301 7fffb81e93c0                        Options.compaction_style: kCompactionStyleLevel
2017/09/05-11:20:55.106303 7fffb81e93c0                          Options.compaction_pri: kByCompensatedSize
2017/09/05-11:20:55.106304 7fffb81e93c0 Options.compaction_options_universal.size_ratio: 1
2017/09/05-11:20:55.106306 7fffb81e93c0 Options.compaction_options_universal.min_merge_width: 2
2017/09/05-11:20:55.106307 7fffb81e93c0 Options.compaction_options_universal.max_merge_width: 4294967295
2017/09/05-11:20:55.106308 7fffb81e93c0 Options.compaction_options_universal.max_size_amplification_percent: 200
2017/09/05-11:20:55.106310 7fffb81e93c0 Options.compaction_options_universal.compression_size_percent: -1
2017/09/05-11:20:55.106312 7fffb81e93c0 Options.compaction_options_universal.stop_style: kCompactionStopStyleTotalSize
2017/09/05-11:20:55.106313 7fffb81e93c0 Options.compaction_options_fifo.max_table_files_size: 1073741824
2017/09/05-11:20:55.106315 7fffb81e93c0 Options.compaction_options_fifo.allow_compaction: 0
2017/09/05-11:20:55.106316 7fffb81e93c0                   Options.table_properties_collectors: 
2017/09/05-11:20:55.106324 7fffb81e93c0                   Options.inplace_update_support: 0
2017/09/05-11:20:55.106326 7fffb81e93c0                 Options.inplace_update_num_locks: 10000
2017/09/05-11:20:55.106327 7fffb81e93c0               Options.memtable_prefix_bloom_size_ratio: 0.000000
2017/09/05-11:20:55.106329 7fffb81e93c0   Options.memtable_huge_page_size: 0
2017/09/05-11:20:55.106330 7fffb81e93c0                           Options.bloom_locality: 0
2017/09/05-11:20:55.106331 7fffb81e93c0                    Options.max_successive_merges: 0
2017/09/05-11:20:55.106333 7fffb81e93c0                Options.optimize_filters_for_hits: 0
2017/09/05-11:20:55.106334 7fffb81e93c0                Options.paranoid_file_checks: 0
2017/09/05-11:20:55.106336 7fffb81e93c0                Options.force_consistency_checks: 0
2017/09/05-11:20:55.106337 7fffb81e93c0                Options.report_bg_io_stats: 0
2017/09/05-11:20:55.106946 7fffb81e93c0 [/tmp/arangodb-20170720-78916-dvux2r/ArangoDB-3.2.0/3rdParty/rocksdb/v5.6.X/db/version_set.cc:2933] Recovered from manifest file:restart/rocksdb/MANIFEST-000001 succeeded,manifest_file_number is 1, next_file_number is 3, last_sequence is 0, log_number is 0,prev_log_number is 0,max_column_family is 0
2017/09/05-11:20:55.106956 7fffb81e93c0 [/tmp/arangodb-20170720-78916-dvux2r/ArangoDB-3.2.0/3rdParty/rocksdb/v5.6.X/db/version_set.cc:2941] Column family [default] (ID 0), log number is 0
2017/09/05-11:20:55.108456 7fffb81e93c0 [/tmp/arangodb-20170720-78916-dvux2r/ArangoDB-3.2.0/3rdParty/rocksdb/v5.6.X/db/db_impl_open.cc:1077] DB pointer 0x7f9102009600
