2017/05/31-14:19:36.962087 7fff9dc593c0 RocksDB version: 4.8.0
2017/05/31-14:19:36.962331 7fff9dc593c0 Git sha rocksdb_build_git_sha:0
2017/05/31-14:19:36.962338 7fff9dc593c0 Compile date 2017-05-22
2017/05/31-14:19:36.962353 7fff9dc593c0 DB SUMMARY
2017/05/31-14:19:36.962719 7fff9dc593c0 SST files in help/rocksdb dir, Total Num: 0, files: 
2017/05/31-14:19:36.962727 7fff9dc593c0 Write Ahead Log file in help/rocksdb: 
2017/05/31-14:19:36.962731 7fff9dc593c0          Options.error_if_exists: 0
2017/05/31-14:19:36.962738 7fff9dc593c0        Options.create_if_missing: 1
2017/05/31-14:19:36.962741 7fff9dc593c0          Options.paranoid_checks: 1
2017/05/31-14:19:36.962743 7fff9dc593c0                      Options.env: 0x109d74ab0
2017/05/31-14:19:36.962746 7fff9dc593c0                 Options.info_log: 0x7fca0264fd40
2017/05/31-14:19:36.962748 7fff9dc593c0           Options.max_open_files: -1
2017/05/31-14:19:36.962750 7fff9dc593c0 Options.max_file_opening_threads: 16
2017/05/31-14:19:36.962753 7fff9dc593c0       Options.max_total_wal_size: 0
2017/05/31-14:19:36.962756 7fff9dc593c0        Options.disableDataSync: 0
2017/05/31-14:19:36.962758 7fff9dc593c0              Options.use_fsync: 0
2017/05/31-14:19:36.962760 7fff9dc593c0      Options.max_log_file_size: 0
2017/05/31-14:19:36.962763 7fff9dc593c0 Options.max_manifest_file_size: 18446744073709551615
2017/05/31-14:19:36.962765 7fff9dc593c0      Options.log_file_time_to_roll: 0
2017/05/31-14:19:36.962768 7fff9dc593c0      Options.keep_log_file_num: 1000
2017/05/31-14:19:36.962770 7fff9dc593c0   Options.recycle_log_file_num: 0
2017/05/31-14:19:36.962772 7fff9dc593c0        Options.allow_os_buffer: 1
2017/05/31-14:19:36.962775 7fff9dc593c0       Options.allow_mmap_reads: 0
2017/05/31-14:19:36.962777 7fff9dc593c0       Options.allow_fallocate: 1
2017/05/31-14:19:36.962779 7fff9dc593c0      Options.allow_mmap_writes: 0
2017/05/31-14:19:36.962782 7fff9dc593c0          Options.create_missing_column_families: 0
2017/05/31-14:19:36.962784 7fff9dc593c0                              Options.db_log_dir: 
2017/05/31-14:19:36.962787 7fff9dc593c0                                 Options.wal_dir: help/rocksdb
2017/05/31-14:19:36.962789 7fff9dc593c0                Options.table_cache_numshardbits: 6
2017/05/31-14:19:36.962791 7fff9dc593c0     Options.delete_obsolete_files_period_micros: 21600000000
2017/05/31-14:19:36.962793 7fff9dc593c0              Options.base_background_compactions: 1
2017/05/31-14:19:36.962796 7fff9dc593c0              Options.max_background_compactions: 1
2017/05/31-14:19:36.962798 7fff9dc593c0                      Options.max_subcompactions: 1
2017/05/31-14:19:36.962800 7fff9dc593c0                  Options.max_background_flushes: 1
2017/05/31-14:19:36.962803 7fff9dc593c0                         Options.WAL_ttl_seconds: 0
2017/05/31-14:19:36.962805 7fff9dc593c0                       Options.WAL_size_limit_MB: 0
2017/05/31-14:19:36.962807 7fff9dc593c0             Options.manifest_preallocation_size: 4194304
2017/05/31-14:19:36.962813 7fff9dc593c0                          Options.allow_os_buffer: 1
2017/05/31-14:19:36.962815 7fff9dc593c0                         Options.allow_mmap_reads: 0
2017/05/31-14:19:36.962818 7fff9dc593c0                        Options.allow_mmap_writes: 0
2017/05/31-14:19:36.962820 7fff9dc593c0                      Options.is_fd_close_on_exec: 1
2017/05/31-14:19:36.962822 7fff9dc593c0                    Options.stats_dump_period_sec: 600
2017/05/31-14:19:36.962825 7fff9dc593c0                    Options.advise_random_on_open: 1
2017/05/31-14:19:36.962827 7fff9dc593c0                     Options.db_write_buffer_size: 0d
2017/05/31-14:19:36.962830 7fff9dc593c0          Options.access_hint_on_compaction_start: NORMAL
2017/05/31-14:19:36.962832 7fff9dc593c0   Options.new_table_reader_for_compaction_inputs: 0
2017/05/31-14:19:36.962835 7fff9dc593c0                Options.compaction_readahead_size: 0d
2017/05/31-14:19:36.962837 7fff9dc593c0                Options.random_access_max_buffer_size: 1048576d
2017/05/31-14:19:36.962839 7fff9dc593c0               Options.writable_file_max_buffer_size: 1048576d
2017/05/31-14:19:36.962842 7fff9dc593c0                       Options.use_adaptive_mutex: 0
2017/05/31-14:19:36.962866 7fff9dc593c0                             Options.rate_limiter: 0x0
2017/05/31-14:19:36.962870 7fff9dc593c0      Options.sst_file_manager.rate_bytes_per_sec: 0
2017/05/31-14:19:36.962873 7fff9dc593c0                           Options.bytes_per_sync: 0
2017/05/31-14:19:36.962875 7fff9dc593c0                       Options.wal_bytes_per_sync: 0
2017/05/31-14:19:36.962877 7fff9dc593c0                        Options.wal_recovery_mode: 2
2017/05/31-14:19:36.962880 7fff9dc593c0                   Options.enable_thread_tracking: 0
2017/05/31-14:19:36.962882 7fff9dc593c0          Options.allow_concurrent_memtable_write: 0
2017/05/31-14:19:36.962884 7fff9dc593c0       Options.enable_write_thread_adaptive_yield: 0
2017/05/31-14:19:36.962887 7fff9dc593c0              Options.write_thread_max_yield_usec: 100
2017/05/31-14:19:36.962889 7fff9dc593c0             Options.write_thread_slow_yield_usec: 3
2017/05/31-14:19:36.962891 7fff9dc593c0                                Options.row_cache: None
2017/05/31-14:19:36.962893 7fff9dc593c0        Options.wal_filter: None
2017/05/31-14:19:36.962896 7fff9dc593c0 Compression algorithms supported:
2017/05/31-14:19:36.962899 7fff9dc593c0 	Snappy supported: 1
2017/05/31-14:19:36.962901 7fff9dc593c0 	Zlib supported: 0
2017/05/31-14:19:36.962903 7fff9dc593c0 	Bzip supported: 0
2017/05/31-14:19:36.962906 7fff9dc593c0 	LZ4 supported: 0
2017/05/31-14:19:36.962908 7fff9dc593c0 Fast CRC32 supported: 0
2017/05/31-14:19:36.963069 7fff9dc593c0 Creating manifest 1 
2017/05/31-14:19:36.964267 7fff9dc593c0 Recovering from manifest file: MANIFEST-000001
2017/05/31-14:19:36.964309 7fff9dc593c0 --------------- Options for column family [default]:
2017/05/31-14:19:36.964313 7fff9dc593c0               Options.comparator: rocksdb.InternalKeyComparator:ArangoComparator
2017/05/31-14:19:36.964315 7fff9dc593c0           Options.merge_operator: None
2017/05/31-14:19:36.964317 7fff9dc593c0        Options.compaction_filter: None
2017/05/31-14:19:36.964319 7fff9dc593c0        Options.compaction_filter_factory: None
2017/05/31-14:19:36.964321 7fff9dc593c0         Options.memtable_factory: SkipListFactory
2017/05/31-14:19:36.964323 7fff9dc593c0            Options.table_factory: BlockBasedTable
2017/05/31-14:19:36.964335 7fff9dc593c0            table_factory options:   flush_block_policy_factory: FlushBlockBySizePolicyFactory (0x7fca02720f40)
  cache_index_and_filter_blocks: 0
  pin_l0_filter_and_index_blocks_in_cache: 0
  index_type: 0
  hash_index_allow_collision: 1
  checksum: 1
  no_block_cache: 0
  block_cache: 0x7fca02720f88
  block_cache_size: 8388608
  block_cache_compressed: 0x0
  block_size: 4096
  block_size_deviation: 10
  block_restart_interval: 16
  index_block_restart_interval: 1
  filter_policy: nullptr
  whole_key_filtering: 1
  skip_table_builder_flush: 0
  format_version: 2
2017/05/31-14:19:36.964343 7fff9dc593c0        Options.write_buffer_size: 65536
2017/05/31-14:19:36.964345 7fff9dc593c0  Options.max_write_buffer_number: 2
2017/05/31-14:19:36.964347 7fff9dc593c0          Options.compression: Snappy
2017/05/31-14:19:36.964349 7fff9dc593c0       Options.prefix_extractor: nullptr
2017/05/31-14:19:36.964350 7fff9dc593c0             Options.num_levels: 4
2017/05/31-14:19:36.964352 7fff9dc593c0        Options.min_write_buffer_number_to_merge: 1
2017/05/31-14:19:36.964354 7fff9dc593c0     Options.max_write_buffer_number_to_maintain: 2
2017/05/31-14:19:36.964355 7fff9dc593c0            Options.compression_opts.window_bits: -14
2017/05/31-14:19:36.964357 7fff9dc593c0                  Options.compression_opts.level: -1
2017/05/31-14:19:36.964359 7fff9dc593c0               Options.compression_opts.strategy: 0
2017/05/31-14:19:36.964360 7fff9dc593c0         Options.compression_opts.max_dict_bytes: 0
2017/05/31-14:19:36.964362 7fff9dc593c0      Options.level0_file_num_compaction_trigger: 4
2017/05/31-14:19:36.964364 7fff9dc593c0          Options.level0_slowdown_writes_trigger: 20
2017/05/31-14:19:36.964365 7fff9dc593c0              Options.level0_stop_writes_trigger: 24
2017/05/31-14:19:36.964384 7fff9dc593c0                   Options.target_file_size_base: 67108864
2017/05/31-14:19:36.964386 7fff9dc593c0             Options.target_file_size_multiplier: 1
2017/05/31-14:19:36.964388 7fff9dc593c0                Options.max_bytes_for_level_base: 268435456
2017/05/31-14:19:36.964390 7fff9dc593c0 Options.level_compaction_dynamic_level_bytes: 0
2017/05/31-14:19:36.964391 7fff9dc593c0          Options.max_bytes_for_level_multiplier: 10
2017/05/31-14:19:36.964393 7fff9dc593c0 Options.max_bytes_for_level_multiplier_addtl[0]: 1
2017/05/31-14:19:36.964395 7fff9dc593c0 Options.max_bytes_for_level_multiplier_addtl[1]: 1
2017/05/31-14:19:36.964396 7fff9dc593c0 Options.max_bytes_for_level_multiplier_addtl[2]: 1
2017/05/31-14:19:36.964398 7fff9dc593c0 Options.max_bytes_for_level_multiplier_addtl[3]: 1
2017/05/31-14:19:36.964400 7fff9dc593c0 Options.max_bytes_for_level_multiplier_addtl[4]: 1
2017/05/31-14:19:36.964401 7fff9dc593c0 Options.max_bytes_for_level_multiplier_addtl[5]: 1
2017/05/31-14:19:36.964403 7fff9dc593c0 Options.max_bytes_for_level_multiplier_addtl[6]: 1
2017/05/31-14:19:36.964405 7fff9dc593c0       Options.max_sequential_skip_in_iterations: 8
2017/05/31-14:19:36.964406 7fff9dc593c0              Options.expanded_compaction_factor: 25
2017/05/31-14:19:36.964408 7fff9dc593c0                Options.source_compaction_factor: 1
2017/05/31-14:19:36.964409 7fff9dc593c0          Options.max_grandparent_overlap_factor: 10
2017/05/31-14:19:36.964411 7fff9dc593c0                        Options.arena_block_size: 8192
2017/05/31-14:19:36.964412 7fff9dc593c0   Options.soft_pending_compaction_bytes_limit: 68719476736
2017/05/31-14:19:36.964414 7fff9dc593c0   Options.hard_pending_compaction_bytes_limit: 274877906944
2017/05/31-14:19:36.964416 7fff9dc593c0       Options.rate_limit_delay_max_milliseconds: 1000
2017/05/31-14:19:36.964418 7fff9dc593c0                Options.disable_auto_compactions: 0
2017/05/31-14:19:36.964419 7fff9dc593c0                           Options.filter_deletes: 0
2017/05/31-14:19:36.964421 7fff9dc593c0           Options.verify_checksums_in_compaction: 1
2017/05/31-14:19:36.964422 7fff9dc593c0                         Options.compaction_style: 0
2017/05/31-14:19:36.964424 7fff9dc593c0                           Options.compaction_pri: 0
2017/05/31-14:19:36.964425 7fff9dc593c0  Options.compaction_options_universal.size_ratio: 1
2017/05/31-14:19:36.964427 7fff9dc593c0 Options.compaction_options_universal.min_merge_width: 2
2017/05/31-14:19:36.964429 7fff9dc593c0 Options.compaction_options_universal.max_merge_width: 4294967295
2017/05/31-14:19:36.964430 7fff9dc593c0 Options.compaction_options_universal.max_size_amplification_percent: 200
2017/05/31-14:19:36.964432 7fff9dc593c0 Options.compaction_options_universal.compression_size_percent: -1
2017/05/31-14:19:36.964434 7fff9dc593c0 Options.compaction_options_fifo.max_table_files_size: 1073741824
2017/05/31-14:19:36.964435 7fff9dc593c0                   Options.table_properties_collectors: 
2017/05/31-14:19:36.964437 7fff9dc593c0                   Options.inplace_update_support: 0
2017/05/31-14:19:36.964439 7fff9dc593c0                 Options.inplace_update_num_locks: 10000
2017/05/31-14:19:36.964440 7fff9dc593c0               Options.min_partial_merge_operands: 2
2017/05/31-14:19:36.964442 7fff9dc593c0               Options.memtable_prefix_bloom_bits: 0
2017/05/31-14:19:36.964443 7fff9dc593c0             Options.memtable_prefix_bloom_probes: 6
2017/05/31-14:19:36.964445 7fff9dc593c0   Options.memtable_prefix_bloom_huge_page_tlb_size: 0
2017/05/31-14:19:36.964447 7fff9dc593c0                           Options.bloom_locality: 0
2017/05/31-14:19:36.964448 7fff9dc593c0                    Options.max_successive_merges: 0
2017/05/31-14:19:36.964450 7fff9dc593c0                Options.optimize_filters_for_hits: 1
2017/05/31-14:19:36.964451 7fff9dc593c0                Options.paranoid_file_checks: 0
2017/05/31-14:19:36.964453 7fff9dc593c0                Options.report_bg_io_stats: 0
2017/05/31-14:19:36.965043 7fff9dc593c0 Recovered from manifest file:help/rocksdb/MANIFEST-000001 succeeded,manifest_file_number is 1, next_file_number is 3, last_sequence is 0, log_number is 0,prev_log_number is 0,max_column_family is 0
2017/05/31-14:19:36.965071 7fff9dc593c0 Column family [default] (ID 0), log number is 0
2017/05/31-14:19:36.966728 7fff9dc593c0 DB pointer 0x7fca0402f400
